start=1196.960000
speed=1.210000
pause=yes
